5 0.0485
13 0.027
13 0.0211
13 0.0157
13 0.0162
13 0.0044
13 -0.0064
13 -0.0113
13 -0.0167
11 -0.027
11 -0.0317
11 -0.0312
11 -0.0312
11 -0.0255
11 -0.026
11 -0.0146
11 -0.0099
11 -0.0104
11 -0.0047
11 0.0062
13 0.0054
13 0.0172
13 0.0162
13 0.0221
13 0.0275
13 0.027
13 0.027
13 0.0211
13 0.0216
13 0.0157
13 0.0162
13 0.0103
13 -0.001
13 -0.0059
13 -0.0113
13 -0.0167
13 -0.0339
13 -0.0442
5 -0.2579
5 -0.6461
5 -0.6256
5 -0.7517
5 -0.8034
5 -0.8101
5 -0.8193
5 -0.7927
5 -0.7733
5 -0.7835
5 -0.8086
5 -0.8096
5 -0.7564
5 -0.7569
5 -0.7293
5 -0.7437
5 -0.7452
5 -0.7047
5 -0.6863
5 -0.6873
5 -0.7268
5 -0.7057
5 -0.7047
5 -0.6955
5 -0.7052
5 -0.7452
5 -0.7646
5 -0.7636
5 -0.7037
5 -0.6955
5 -0.696
5 -0.736
5 -0.7144
5 -0.7042
5 -0.7231
5 -0.7636
5 -0.7636
5 -0.7313
5 -0.7124
5 -0.7226
5 -0.7636
5 -0.7313
5 -0.74
5 -0.7027
5 -0.7047
5 -0.7452
5 -0.7646
5 -0.7221
5 -0.7037
5 -0.7047
5 -0.7452
5 -0.7139
5 -0.7134
5 -0.695
5 -0.7052
11 -0.3927
11 -0.3952
5 -0.698
9 -0.5432
5 -0.826
5 -0.7475
5 -0.6215
5 -0.555
5 -0.47
5 -0.476
5 -0.246
5 -0.1745
5 -0.18
9 0.0444
9 0.132
9 0.1819
11 0.2442
13 0.3428
11 0.368
9 0.4132
5 0.6465
5 0.645
5 0.557
5 0.3865
5 0.3015
9 0.1415
9 0.0444
9 -0.0055
11 -0.1311
11 -0.1196
11 -0.2849
5 -0.4616
5 -0.4611
5 -0.1495
5 0.163
5 0.1425
5 0.3985
5 0.6785
5 0.874
5 1.1972
5 1.3579
5 1.3524
5 1.3815
5 1.1946
5 1.1362
5 0.9741
5 0.8635
5 0.87
5 0.7596
5 0.692
5 0.7069
5 0.6987
5 0.6992
5 0.6992
5 0.6798
5 0.6614
5 0.6624
5 0.6236
5 0.5965
5 0.5107
11 0.2228
11 0.1889
11 0.1297
11 0.1181
11 0.0626
11 0.0448
13 -0.0045
13 -0.0472
13 -0.0432
11 -0.1043
11 -0.1159
11 -0.1315
9 -0.1279
9 -0.122
9 -0.1225
9 -0.1009
9 -0.0813
9 -0.0671
9 -0.0362
11 -0.0074
11 -0.0104
11 0.0238
13 0.057
13 0.0717
13 0.0997
13 0.0972
13 0.1149
11 0.1149
11 0.1144
11 0.0916
11 0.0822
11 0.0661
11 0.0391
11 0.0416
13 -0.0158
13 -0.0285
13 -0.027
11 -0.0773
11 -0.0842
11 -0.0832
5 -0.0564
5 0.199
5 0.184
5 0.5221
5 0.7254
5 0.7134
5 1.0648
5 1.1943
5 1.1868
5 1.1286
5 1.0734
5 1.0764
5 0.9259
5 0.8297
5 0.8352
5 0.825
5 0.828
5 0.8183
5 0.78
5 0.7529
5 0.735
5 0.7166
5 0.7176
5 0.7176
5 0.7176
5 0.6982
5 0.6798
5 0.642
5 0.644
5 0.5567
11 0.2545
11 0.26
11 0.1916
9 0.17
5 0.1665
5 -0.0525
5 -0.3103
5 -0.2958
5 -0.5844
5 -0.7741
5 -0.8024
11 -0.4866
5 -0.9817
5 -1.111
5 -1.4212
5 -1.3135
5 -1.312
5 -1.078
5 -0.9195
5 -0.941
5 -0.8845
5 -0.7775
5 -0.687
5 -0.6255
5 -0.632
5 -0.5895
5 -0.6162
5 -0.6085
5 -0.5998
5 -0.5911
5 -0.6256
5 -0.6353
5 -0.6542
5 -0.6269
5 -0.6915
5 -0.6997
5 -0.7186
5 -0.737
5 -0.736
5 -0.7144
5 -0.7641
5 -0.7539
5 -0.7738
5 -0.7216
5 -0.7636
5 -0.7539
5 -0.7042
5 -0.7139
5 -0.7042
5 -0.7047
5 -0.7452
5 -0.7323
5 -0.7308
5 -0.7124
5 -0.7134
5 -0.7544
5 -0.7226
5 -0.7129
5 -0.7134
5 -0.7042
5 -0.7161
11 -0.3828
5 -0.607
5 -0.6365
5 -0.6745
9 -0.363
9 -0.3675
9 -0.2973
5 -0.425
5 -0.4275
5 -0.3075
9 -0.1626
9 -0.1234
9 -0.041
9 0.0428
9 0.0775
11 0.1578
13 0.1861
13 0.2131
11 0.2598
11 0.2548
9 0.2725
9 0.2587
9 0.2489
9 0.2067
9 0.1459
9 0.1195
9 0.0847
9 0.018
11 -0.0082
13 -0.0821
13 -0.111
13 -0.1493
9 -0.2025
9 -0.196
5 -0.7896
5 -0.891
5 -1.05
5 -1.023
5 -0.9815
5 -0.984
9 -0.5541
9 -0.5208
5 -0.8985
5 -0.9895
5 -1.2135
5 -1.109
5 -1.086
5 -0.865
5 -0.8735
5 -0.7335
5 -0.7025
9 -0.466
5 -0.6645
5 -0.6515
5 -0.8235
5 -0.8245
5 -0.7985
5 -0.7915
5 -0.707
9 -0.3929
5 -0.563
5 -0.551
5 -0.5945
9 -0.341
9 -0.3106
9 -0.238
9 -0.1964
9 -0.2009
9 -0.1523
9 -0.092
9 -0.098
9 -0.0386
9 -0.0171
9 0.0128
11 0.0674
11 0.0966
13 0.1208
13 0.166
11 0.1788
11 0.1939
9 0.2137
5 0.4201
5 0.4728
5 0.5066
5 0.4862
5 0.5249
5 0.5244
5 0.5535
5 0.5617
5 0.5612
5 0.6485
5 0.7313
5 0.7559
5 0.7738
5 0.8116
5 0.8387
5 0.876
5 0.8546
5 0.8459
5 0.8561
5 0.8459
5 0.8367
5 0.8178
5 0.7994
5 0.7907
5 0.7815
5 0.782
5 0.7529
5 0.7253
5 0.7171
5 0.6691
5 0.6425
5 0.5955
5 0.4913
11 0.201
11 0.1681
11 0.1374
5 0.2387
5 0.2392
5 0.2974
5 0.3041
5 0.3133
5 0.3904
5 0.4446
5 0.5095
5 0.5836
5 0.7639
5 0.8223
5 0.8673
5 0.8745
5 0.9225
5 0.92
5 0.92
5 0.8812
5 0.8638
5 0.8454
5 0.8173
5 0.8188
5 0.78
5 0.7626
5 0.7636
5 0.7636
5 0.7539
5 0.735
5 0.7069
5 0.689
5 0.6221
5 0.5286
5 0.5336
11 0.2332
11 0.1594
11 0.1664
11 0.1265
11 0.0844
11 0.0713
11 0.0272
13 0.0088
13 -0.0128
13 -0.058
11 -0.0976
11 -0.1107
11 -0.1206
9 -0.1181
9 -0.123
9 -0.1171
9 -0.1068
9 -0.1024
9 -0.0651
9 -0.0686
9 -0.0362
11 -0.0074
11 -0.0104
11 0.0181
11 0.0498
13 0.0663
13 0.0884
13 0.0864
13 0.1041
11 0.0988
11 0.0988
11 0.0931
11 0.0765
11 0.0666
13 0.0348
13 0.0024
13 -0.0123
13 -0.0285
13 -0.0565
11 -0.0634
11 -0.0738
11 -0.0899
11 -0.0884
11 -0.0884
11 -0.0884
9 -0.0617
11 -0.0562
11 -0.0572
11 -0.023
11 -0.0089
11 0.0181
11 0.0327
13 0.056
13 0.0599
13 0.0653
13 0.0648
13 0.0825
13 0.081
13 0.081
13 0.0574
13 0.0476
13 0.0486
13 0.0132
13 -0.0192
13 -0.0162
13 -0.0398
11 -0.0592
11 -0.0572
11 -0.0686
11 -0.0676
11 -0.0676
11 -0.0619
11 -0.0624
11 -0.0453
11 -0.0354
11 -0.0364
11 -0.0079
11 0.0181
11 0.0156
5 0.5029
5 1.2059
5 1.1684
5 1.4497
5 1.18
5 1.184
5 1.1245
5 1.0979
5 0.982
5 0.848
5 0.7115
5 0.7278
5 0.6756
5 0.6418
5 0.6162
5 0.6241
5 0.6159
5 0.6164
5 0.6746
5 0.7104
5 0.7278
5 0.7268
5 0.7753
5 0.8019
5 0.8198
5 0.8188
5 0.8188
5 0.8285
5 0.8377
5 0.8275
5 0.7892
5 0.7912
5 0.8106
5 0.7999
5 0.7907
5 0.7621
5 0.7733
5 0.7825
5 0.7917
5 0.7718
5 0.7631
5 0.7733
5 0.7825
5 0.7723
5 0.7534
5 0.7738
5 0.7922
5 0.7912
5 0.7524
5 0.7447
5 0.7258
5 0.6589
5 0.6139
5 0.5679
11 0.2483
11 0.1693
11 0.1597
9 0.1303
5 -0.0043
5 -0.1109
5 -0.3626
5 -0.3496
5 -0.6406
5 -0.8099
5 -0.8004
5 -0.975
5 -1.0048
5 -1.0416
5 -0.9647
5 -0.9197
5 -0.8946
5 -0.8869
5 -0.7565
5 -0.7345
5 -0.7636
5 -0.7472
5 -0.739
5 -0.7211
5 -0.6945
5 -0.6868
5 -0.6597
5 -0.6704
5 -0.6699
5 -0.6607
5 -0.6612
5 -0.7186
5 -0.7154
5 -0.7134
5 -0.7134
5 -0.7641
5 -0.7636
5 -0.7405
5 -0.7119
5 -0.7134
5 -0.7318
5 -0.7308
5 -0.7584
5 -0.7293
5 -0.7492
5 -0.7482
5 -0.7206
5 -0.7405
5 -0.7211
5 -0.7221
5 -0.7221
5 -0.7442
5 -0.7231
5 -0.7037
5 -0.7047
5 -0.7139
5 -0.7447
5 -0.7452
5 -0.7047
5 -0.7047
5 -0.6955
11 -0.3818
5 -0.5794
5 -0.5829
5 -0.638
5 -0.6065
9 -0.3238
9 -0.2905
9 -0.2508
9 -0.19
9 -0.142
9 -0.12
9 -0.0901
9 -0.0337
9 -0.0122
11 0.0528
11 0.0696
11 0.0961
13 0.1562
11 0.1855
11 0.182
11 0.2048
9 0.1911
9 0.1803
9 0.1489
9 0.1303
9 0.1107
11 0.0683
11 0.0443
11 -0.0159
13 -0.0462
13 -0.0727
11 -0.1246
9 -0.1667
9 -0.1617
9 -0.1887
9 -0.1808
9 -0.1759
9 -0.1332
9 -0.1372
9 -0.121
9 -0.0793
9 -0.0617
9 -0.0097
9 0.0123
11 0.0332
11 0.0825
13 0.1046
13 0.1498
13 0.1635
11 0.1845
11 0.1877
5 0.1752
9 -0.0537
5 -0.318
5 -0.807
5 -0.782
5 -1.1215
5 -1.2883
5 -1.2788
5 -1.2645
5 -1.024
5 -1.032
5 -0.93
5 -0.902
5 -0.853
5 -0.737
5 -0.7171
5 -0.613
5 -0.582
5 -0.55
5 -0.6003
5 -0.6348
5 -0.6348
5 -0.6279
5 -0.6448
5 -0.6438
5 -0.6808
11 -0.3734
5 -0.5804
5 -0.5553
5 -0.682
9 -0.3954
9 -0.3429
9 -0.3101
5 -0.464
5 -0.401
5 -0.309
5 -0.315
9 -0.114
9 -0.0361
9 0.0045
11 0.1596
11 0.1456
11 0.1912
11 0.3069
11 0.2964
9 0.3009
9 0.3259
9 0.3234
9 0.291
9 0.24
9 0.245
9 0.1694
9 0.0414
9 0.0539
11 -0.0397
13 -0.115
13 -0.108
11 -0.1895
9 -0.2525
9 -0.245
9 -0.2882
5 -0.435
5 -0.427
5 -0.3555
5 -0.36
9 -0.1542
9 -0.0699
9 -0.0784
9 0.0188
9 0.107
9 0.098
11 0.1439
13 0.2166
13 0.2106
11 0.2712
9 0.2985
9 0.3048
9 0.293
9 0.294
9 0.2724
9 0.1718
9 0.1813
5 0.024
9 -0.1699
9 -0.1519
5 -0.5089
5 -1.3489
5 -1.3064
5 -1.6954
5 -1.472
5 -1.47
5 -1.286
5 -1.2495
5 -1.0525
5 -0.874
5 -0.882
5 -0.747
9 -0.4752
9 -0.4802
5 -0.679
5 -1.136
9 -0.6811
5 -1.0585
5 -1.0255
5 -0.974
5 -0.943
5 -0.885
5 -0.8725
5 -0.8055
5 -0.5835
5 -0.5015
5 -0.51
5 -0.414
5 -0.372
9 -0.2018
9 -0.168
9 -0.1337
9 -0.1048
9 -0.043
9 -0.049
9 0.0158
9 0.0422
11 0.0701
13 0.1233
13 0.1424
13 0.164
11 0.1959
11 0.2038
9 0.1965
9 0.1906
9 0.1911
9 0.1641
9 0.145
9 0.12
9 0.0739
11 0.0319
11 0.0079
13 -0.0364
13 -0.0678
13 -0.0943
11 -0.1454
9 -0.1755
9 -0.1769
9 -0.1764
9 -0.171
9 -0.1499
9 -0.1195
9 -0.1225
9 -0.0847
9 -0.045
9 -0.022
11 0.0253
11 0.0436
11 0.0644
13 0.112
13 0.1434
11 0.1466
11 0.157
11 0.1617
11 0.1555
11 0.1389
11 0.129
11 0.1129
11 0.0688
11 0.05
11 0.0292
13 -0.0384
5 -0.2201
13 -0.3307
5 -1.0106
5 -0.9831
5 -1.6915
5 -1.465
5 -1.4625
5 -1.155
5 -0.9365
5 -0.9295
5 -0.856
5 -0.786
5 -0.761
5 -0.7535
5 -0.7575
5 -0.7015
5 -0.705
5 -0.667
5 -0.655
5 -0.605
5 -0.557
5 -0.5906
5 -0.5916
5 -0.5548
5 -0.566
5 -0.5563
5 -0.5568
5 -0.5888
5 -0.5888
11 -0.2986
9 -0.2356
9 -0.2401
9 -0.2401
5 -0.2475
5 -0.08
5 0.222
5 0.4105
5 0.8065
5 0.937
5 1.1288
5 1.4002
5 1.5153
5 1.4176
5 1.2893
5 1.2135
5 1.1352
5 0.912
5 0.8435
5 0.763
5 0.734
5 0.7432
5 0.6679
5 0.6599
5 0.6624
5 0.6333
5 0.6639
5 0.6721
5 0.7007
5 0.6992
5 0.6895
5 0.7579
5 0.7835
5 0.8014
5 0.8004
5 0.8004
5 0.8392
5 0.8469
5 0.8464
5 0.827
5 0.8086
5 0.829
5 0.8183
5 0.8091
5 0.7902
5 0.7718
5 0.7728
5 0.7728
5 0.7631
5 0.7345
5 0.7554
5 0.7641
5 0.7733
5 0.7631
5 0.6957
5 0.6992
11 0.3382
11 0.2577
9 0.2067
9 0.1945
5 -0.0795
5 -0.2515
5 -0.8222
5 -1.0506
5 -1.2142
5 -1.341
5 -1.3167
5 -1.2953
5 -1.073
5 -1.0205
5 -0.956
5 -0.8835
5 -0.854
5 -0.8135
5 -0.7055
5 -0.6865
5 -0.6654
5 -0.582
5 -0.567
5 -0.5901
5 -0.61
5 -0.6343
5 -0.5451
5 -0.5021
5 -0.5046
5 -0.4494
9 -0.2116
9 -0.1886
9 -0.1641
9 -0.1612
9 -0.1455
9 -0.1254
9 -0.1112
9 -0.0749
9 -0.0568
9 -0.0372
11 -0.0017
11 0.0404
11 0.0535
13 0.0776
13 0.111
13 0.1257
13 0.136
11 0.1414
11 0.1404
11 0.1233
11 0.0963
13 -0.0626
13 -0.084
11 -0.135
11 -0.1471
9 -0.1534
9 -0.1573
9 -0.146
9 -0.1416
9 -0.1259
9 -0.1274
9 -0.0086
9 -0.0196
11 0.0419
5 0.2487
5 0.2392
5 0.5496
5 0.7567
5 0.8519
5 0.8949
5 0.9021
5 0.9307
5 0.9486
5 0.9476
5 0.9282
5 0.871
5 0.8546
5 0.8556
5 0.8071
5 0.7902
5 0.733
5 0.7457
5 0.7452
5 0.7355
5 0.7166
5 0.7079
5 0.7569
5 0.7641
5 0.7733
5 0.7534
5 0.7447
5 0.7258
5 0.5716
5 0.5796
11 0.2421
11 0.2496
11 0.1641
11 0.1374
11 0.1404
11 0.0948
11 0.0475
11 0.0235
11 -0.0025
5 -0.2328
5 -0.4148
5 -0.7831
5 -0.8606
5 -0.8919
5 -0.9518
5 -0.9391
5 -0.9488
5 -0.855
5 -0.8305
5 -0.781
5 -0.8342
5 -0.8168
5 -0.7265
5 -0.66
5 -0.664
5 -0.7129
5 -0.7042
5 -0.6863
5 -0.6965
5 -0.6868
5 -0.6781
5 -0.737
5 -0.7166
5 -0.697
5 -0.6776
5 -0.6694
5 -0.6791
5 -0.737
5 -0.736
5 -0.7144
5 -0.7544
5 -0.7544
5 -0.7226
5 -0.7037
5 -0.7047
5 -0.7549
5 -0.7134
5 -0.7134
5 -0.7226
5 -0.7221
5 -0.7313
5 -0.7308
5 -0.7308
5 -0.7584
5 -0.7385
5 -0.7395
5 -0.7487
5 -0.739
5 -0.7395
5 -0.7211
5 -0.7221
5 -0.7221
5 -0.7129
5 -0.7134
5 -0.7134
5 -0.7042
5 -0.7064
5 -0.7084
5 -0.5595
5 -0.4945
5 -0.496
5 -0.429
5 -0.435
9 -0.1964
9 -0.1091
9 -0.1176
9 -0.096
9 -0.0494
9 -0.0539
9 -0.0107
11 0.0243
11 0.0208
11 0.0721
5 0.3912
5 0.3772
5 0.9786
5 1.3356
5 1.3156
5 1.2809
5 1.0995
5 1.104
5 1.0258
5 0.9801
5 0.785
5 0.7155
5 0.6818
5 0.6686
5 0.6716
5 0.6425
5 0.6343
5 0.6251
5 0.6159
5 0.6746
5 0.6716
5 0.7298
5 0.7365
5 0.736
5 0.8039
5 0.8198
5 0.8285
5 0.8086
5 0.8193
5 0.8382
5 0.8372
5 0.8275
5 0.8086
5 0.8096
5 0.7999
5 0.781
5 0.7723
5 0.7534
5 0.7835
5 0.782
5 0.782
5 0.7626
5 0.7636
5 0.783
5 0.782
5 0.7723
5 0.7631
5 0.7539
5 0.7932
5 0.7912
5 0.7815
5 0.7626
5 0.7539
5 0.7059
5 0.6696
5 0.5746
5 0.5214
11 0.2508
11 0.1693
11 0.1084
11 0.1144
5 -0.1856
5 -0.1656
5 -0.6409
5 -0.888
5 -0.9807
5 -1.0431
5 -1.0784
5 -1.0271
5 -0.9015
5 -0.87
5 -0.8839
5 -0.8414
5 -0.776
5 -0.7505
5 -0.701
5 -0.7472
5 -0.7206
5 -0.7221
5 -0.7037
5 -0.6771
5 -0.6694
5 -0.6987
5 -0.6612
5 -0.652
5 -0.6617
11 -0.3781
5 -0.6075
5 -0.628
5 -0.7005
5 -0.6705
9 -0.3576
9 -0.2762
9 -0.2464
9 -0.2229
9 -0.1768
9 -0.1543
9 -0.0866
9 -0.0661
5 -0.1035
5 -0.0855
5 -0.1017
5 -0.1109
5 -0.1492
5 -0.2151
5 -0.2989
5 -0.5078
5 -0.4968
5 -0.6229
5 -0.7037
5 -0.7768
5 -0.8989
5 -0.97
5 -0.9951
5 -0.9672
5 -0.9657
5 -0.82
5 -0.8041
5 -0.8091
5 -0.7999
5 -0.6935
5 -0.696
5 -0.7201
5 -0.6853
5 -0.6873
5 -0.6873
5 -0.6781
5 -0.6786
5 -0.6694
9 -0.3341
5 -0.5727
5 -0.5466
5 -0.589
5 -0.5585
9 -0.2944
9 -0.2989
9 -0.2233
9 -0.1439
9 -0.1519
9 -0.0925
9 -0.0386
9 -0.0441
9 0.0153
11 0.1016
11 0.0936
13 0.1267
13 0.1655
11 0.1788
11 0.2053
11 0.2028
9 0.1911
9 0.1695
9 0.1715
9 0.1337
9 0.0886
9 0.0931
11 0.0703
11 -0.0127
11 -0.0052
13 -0.0703
11 -0.1194
11 -0.1144
9 -0.1564
9 -0.1681
9 -0.1774
9 -0.1818
9 -0.1813
9 -0.1651
9 -0.1126
9 -0.1176
9 -0.0312
9 0.0202
9 0.0147
11 0.0612
13 0.0948
13 0.0918
13 0.1331
13 0.1296
11 0.1533
11 0.1622
11 0.1612
11 0.1555
11 0.1161
11 0.1196
5 0.0855
11 0.0178
11 0.0208
13 -0.0551
11 -0.0981
11 -0.0936
11 -0.1335
5 -0.2451
9 -0.148
9 -0.1416
9 -0.1205
9 -0.0955
5 -0.1464
9 -0.0455
9 -0.0166
9 -0.0034
11 0.0575
11 0.052
5 0.1211
13 0.1233
13 0.1188
13 0.1247
11 0.1253
11 0.1248
11 0.1191
11 0.0968
11 0.0874
11 0.0713
11 0.0329
13 0.0142
13 -0.031
13 -0.0447
13 -0.0668
11 -0.1023
9 -0.1255
9 -0.1333
9 -0.1377
9 -0.1264
9 -0.1166
9 -0.0906
9 -0.0931
9 -0.0607
9 -0.0313
9 -0.0343
11 0.0035
11 0.057
11 0.052
