71.71084165
56.198026797
-44.5185341942
61.9023170326
67.8645081219
-61.5257963899
-75.7354877019
44.7582470907
-89.51445417
44.7582470907
48.3363367022
-73.0338518915
-48.3363367022
51.1629888691
46.7508541865
-48.3363367022
62.6633351442
-74.3757654188
-43.3499606044
78.970468776
83.7131066383
83.2338251774
-77.1118148742
42.8962030531
52.97503973
57.9074086713
76.6512728867
50.0039199522
47.7988985136
61.9023170326
-65.4098828338
-71.2742121547
-58.964891351
-50.2900812054
-85.1559996249
-54.8778362899
-49.1596422937
-68.2823562135
-58.6097318958
-64.6120937089
47.5335588884
69.1253531735
49.720136931
-55.2039737217
-53.285797024
66.625835635
-71.2742121547
47.7988985136
85.1559996249
54.2333235093
-76.6512728867
60.4122365346
82.2781741999
73.9264258353
-87.5736641684
-62.2814983718
49.720136931
-70.4077181089
-79.4389893088
85.638427355
58.6097318958
-83.2338251774
42.0113675448
53.5990887108
-89.0289780689
-48.0664855011
-49.1596422937
-61.1519407146
55.5327118231
-55.5327118231
-52.97503973
81.3268259521
-48.6084688526
-88.0585136091
47.009553813
81.3268259521
-44.2808438835
81.801931154
52.97503973
-73.0338518915
-73.0338518915
50.869600443
-55.5327118231
55.8640599221
-51.7570975445
-44.0451587461
-78.0379486023
84.6742593752
-59.6832197524
-64.6120937089
-73.9264258353
82.7554931476
-44.5185341942
80.3802722003
55.8640599221
-52.0578466499
-54.5542896724
-47.7988985136
-72.590697253
50.5786362554
60.4122365346
74.8270846545
50.2900812054
-76.6512728867
-62.2814983718
-88.0585136091
44.5185341942
46.2399747663
47.5335588884
-67.8645081219
72.1496816978
53.5990887108
-66.2179695768
57.9074086713
49.1596422937
-64.217095177
-82.2781741999
70.839826878
-67.8645081219
-52.3610776716
-66.625835635
63.8247100182
74.3757654188
-47.2704496707
-55.8640599221
-88.0585136091
-89.51445417
50.2900812054
65.8126464833
-67.4491245183
83.7131066383
78.970468776
-86.1214754972
50.2900812054
54.5542896724
-59.6832197524
-52.0578466499
46.4943335913
78.0379486023
-72.590697253
-67.4491245183
-72.590697253
48.8828985604
48.3363367022
50.2900812054
80.8529196151
-57.2157191341
48.0664855011
-50.5786362554
59.6832197524
42.450050987
-72.590697253
-49.1596422937
58.2572388466
-57.2157191341
-70.839826878
-87.5736641684
-58.2572388466
54.2333235093
-69.9779167634
85.1559996249
-55.5327118231
81.3268259521
50.869600443
-74.3757654188
-75.7354877019
88.5436413657
56.198026797
73.0338518915
54.5542896724
-62.6633351442
57.9074086713
45.2438103561
61.1519407146
51.7570975445
65.4098828338
74.8270846545
-64.217095177
-54.2333235093
87.5736641684
-50.0039199522
85.1559996249
-60.0463918322
45.2438103561
72.1496816978
86.6050764579
-48.6084688526
72.590697253
-54.5542896724
-64.6120937089
52.6668042618
51.7570975445
-71.2742121547
-53.9149269571
-60.4122365346
-78.5034369824
61.9023170326
-62.6633351442
47.2704496707
-50.2900812054
